{
 "cells": [
  {
   "cell_type": "code",
   "execution_count": null,
   "metadata": {},
   "outputs": [],
   "source": [
    "import eigenpy as ei # type: ignore\n",
    "# 可以理解为 c++ 的numpy"
   ]
  },
  {
   "cell_type": "code",
   "execution_count": 4,
   "metadata": {},
   "outputs": [
    {
     "name": "stdout",
     "output_type": "stream",
     "text": [
      "matrix_23:\n",
      "[[1. 2. 3.]\n",
      " [4. 5. 6.]]\n",
      "\n",
      "访问矩阵元素:\n",
      "1.0\t2.0\t3.0\t\n",
      "4.0\t5.0\t6.0\t\n",
      "\n",
      "矩阵和向量相乘:\n",
      "[10. 28.]\n",
      "[32. 77.]\n",
      "\n",
      "随机 3x3 矩阵:\n",
      "[[0.59072909 0.030378   0.9082771 ]\n",
      " [0.91017917 0.26572592 0.25185528]\n",
      " [0.89864733 0.78165028 0.64629743]]\n",
      "\n",
      "转置:\n",
      "[[0.59072909 0.91017917 0.89864733]\n",
      " [0.030378   0.26572592 0.78165028]\n",
      " [0.9082771  0.25185528 0.64629743]]\n",
      "\n",
      "各元素和: 5.283739603654807\n",
      "迹: 1.5027524427768877\n",
      "\n",
      "数乘:\n",
      "[[5.90729089 0.30378003 9.08277099]\n",
      " [9.10179173 2.65725921 2.51855276]\n",
      " [8.98647327 7.81650283 6.46297433]]\n",
      "\n",
      "逆:\n",
      "[[-0.06227341  1.71100852 -0.57924571]\n",
      " [-0.89703631 -1.07677377  1.6802615 ]\n",
      " [ 1.17148928 -1.07679944  0.32053467]]\n",
      "\n",
      "行列式: 0.40345902306005893\n",
      "\n",
      "特征值:\n",
      "[3.4881225  0.13205673 0.35338376]\n",
      "\n",
      "特征向量:\n",
      "[[ 0.74008436  0.62118674 -0.25768617]\n",
      " [ 0.37338211 -0.69822387 -0.61079393]\n",
      " [ 0.55933973 -0.35582363  0.74868458]]\n",
      "\n",
      "直接求逆用时: 2.50 ms\n",
      "使用线性代数求解器用时: 0.04 ms\n"
     ]
    }
   ],
   "source": [
    "import numpy as np\n",
    "import time\n",
    "\n",
    "# 定义矩阵大小\n",
    "MATRIX_SIZE = 50\n",
    "\n",
    "def main():\n",
    "    # 创建一个 2x3 的浮点数矩阵\n",
    "    matrix_23 = np.array([[1, 2, 3], [4, 5, 6]], dtype=float)\n",
    "\n",
    "    # 创建一个 3x1 的向量\n",
    "    v_3d = np.array([3, 2, 1], dtype=float)\n",
    "    vd_3d = np.array([4, 5, 6], dtype=float)\n",
    "\n",
    "    # 输出矩阵\n",
    "    print(\"matrix_23:\")\n",
    "    print(matrix_23)\n",
    "\n",
    "    # 访问矩阵元素\n",
    "    print(\"\\n访问矩阵元素:\")\n",
    "    for i in range(2):\n",
    "        for j in range(3):\n",
    "            print(f\"{matrix_23[i, j]}\\t\", end=\"\")\n",
    "        print()\n",
    "\n",
    "    # 矩阵和向量相乘\n",
    "    result = np.dot(matrix_23, v_3d)\n",
    "    print(\"\\n矩阵和向量相乘:\")\n",
    "    print(result)\n",
    "\n",
    "    result2 = np.dot(matrix_23, vd_3d)\n",
    "    print(result2)\n",
    "\n",
    "    # 创建一个 3x3 的随机矩阵\n",
    "    matrix_33 = np.random.rand(3, 3)\n",
    "    print(\"\\n随机 3x3 矩阵:\")\n",
    "    print(matrix_33)\n",
    "\n",
    "    # 矩阵运算\n",
    "    print(\"\\n转置:\")\n",
    "    print(matrix_33.T)\n",
    "    print(\"\\n各元素和:\", matrix_33.sum())\n",
    "    print(\"迹:\", np.trace(matrix_33))\n",
    "    print(\"\\n数乘:\")\n",
    "    print(10 * matrix_33)\n",
    "    print(\"\\n逆:\")\n",
    "    print(np.linalg.inv(matrix_33))\n",
    "    print(\"\\n行列式:\", np.linalg.det(matrix_33))\n",
    "\n",
    "    # 特征值和特征向量\n",
    "    eigenvalues, eigenvectors = np.linalg.eig(np.dot(matrix_33.T, matrix_33))\n",
    "    print(\"\\n特征值:\")\n",
    "    print(eigenvalues)\n",
    "    print(\"\\n特征向量:\")\n",
    "    print(eigenvectors)\n",
    "\n",
    "    # 解方程\n",
    "    matrix_NN = np.random.rand(MATRIX_SIZE, MATRIX_SIZE)\n",
    "    v_Nd = np.random.rand(MATRIX_SIZE, 1)\n",
    "\n",
    "    # 直接求逆\n",
    "    start_time = time.time()\n",
    "    x = np.dot(np.linalg.inv(matrix_NN), v_Nd)\n",
    "    end_time = time.time()\n",
    "    print(f\"\\n直接求逆用时: {(end_time - start_time) * 1000:.2f} ms\")\n",
    "\n",
    "    # 使用 numpy 的线性代数求解器\n",
    "    start_time = time.time()\n",
    "    x = np.linalg.solve(matrix_NN, v_Nd)\n",
    "    end_time = time.time()\n",
    "    print(f\"使用线性代数求解器用时: {(end_time - start_time) * 1000:.2f} ms\")\n",
    "\n",
    "if __name__ == \"__main__\":\n",
    "    main()\n"
   ]
  },
  {
   "cell_type": "code",
   "execution_count": 5,
   "metadata": {},
   "outputs": [
    {
     "name": "stdout",
     "output_type": "stream",
     "text": [
      "matrix_23:\n",
      "[[1. 2. 3.]\n",
      " [4. 5. 6.]]\n",
      "\n",
      "访问矩阵元素:\n",
      "1.0\t2.0\t3.0\t\n",
      "4.0\t5.0\t6.0\t\n",
      "\n",
      "矩阵和向量相乘:\n",
      "[10. 28.]\n",
      "[32. 77.]\n",
      "\n",
      "随机 3x3 矩阵:\n",
      "[[0.13818715 0.65205147 0.31598985]\n",
      " [0.43316487 0.71295849 0.72743794]\n",
      " [0.68286775 0.70454548 0.1557579 ]]\n",
      "\n",
      "转置:\n",
      "[[0.13818715 0.43316487 0.68286775]\n",
      " [0.65205147 0.71295849 0.70454548]\n",
      " [0.31598985 0.72743794 0.1557579 ]]\n",
      "\n",
      "各元素和: 4.522960894849922\n",
      "迹: 1.0069035381060414\n",
      "\n",
      "数乘:\n",
      "[[1.38187146 6.52051465 3.15989848]\n",
      " [4.33164871 7.12958487 7.27437943]\n",
      " [6.8286775  7.0454548  1.55757905]]\n",
      "\n",
      "逆:\n",
      "[[-2.40360688  0.72484071  1.49102376]\n",
      " [ 2.57011335 -1.16302761  0.21764987]\n",
      " [-1.08768874  2.08294727 -1.1011722 ]]\n",
      "\n",
      "行列式: 0.1670257299887227\n",
      "\n",
      "特征值:\n",
      "[2.50113167 0.19899347 0.05605203]\n",
      "\n",
      "特征向量:\n",
      "[[-0.47747643 -0.64542404  0.5961913 ]\n",
      " [-0.74946094 -0.05499272 -0.65976064]\n",
      " [-0.45861156  0.76184225  0.45746238]]\n",
      "\n",
      "直接求逆用时: 0.30 ms\n",
      "使用线性代数求解器用时: 0.13 ms\n"
     ]
    }
   ],
   "source": [
    "import numpy as np\n",
    "import time\n",
    "\n",
    "# 定义矩阵大小\n",
    "MATRIX_SIZE = 50\n",
    "\n",
    "def main():\n",
    "    # 创建一个 2x3 的浮点数矩阵\n",
    "    matrix_23 = np.array([[1, 2, 3], [4, 5, 6]], dtype=float)\n",
    "\n",
    "    # 创建一个 3x1 的向量\n",
    "    v_3d = np.array([3, 2, 1], dtype=float)\n",
    "    vd_3d = np.array([4, 5, 6], dtype=float)\n",
    "\n",
    "    # 输出矩阵\n",
    "    print(\"matrix_23:\")\n",
    "    print(matrix_23)\n",
    "\n",
    "    # 访问矩阵元素\n",
    "    print(\"\\n访问矩阵元素:\")\n",
    "    for i in range(2):\n",
    "        for j in range(3):\n",
    "            print(f\"{matrix_23[i, j]}\\t\", end=\"\")\n",
    "        print()\n",
    "\n",
    "    # 矩阵和向量相乘\n",
    "    result = np.dot(matrix_23, v_3d)\n",
    "    print(\"\\n矩阵和向量相乘:\")\n",
    "    print(result)\n",
    "\n",
    "    result2 = np.dot(matrix_23, vd_3d)\n",
    "    print(result2)\n",
    "\n",
    "    # 创建一个 3x3 的随机矩阵\n",
    "    matrix_33 = np.random.rand(3, 3)\n",
    "    print(\"\\n随机 3x3 矩阵:\")\n",
    "    print(matrix_33)\n",
    "\n",
    "    # 矩阵运算\n",
    "    print(\"\\n转置:\")\n",
    "    print(matrix_33.T)\n",
    "    print(\"\\n各元素和:\", matrix_33.sum())\n",
    "    print(\"迹:\", np.trace(matrix_33))\n",
    "    print(\"\\n数乘:\")\n",
    "    print(10 * matrix_33)\n",
    "    print(\"\\n逆:\")\n",
    "    print(np.linalg.inv(matrix_33))\n",
    "    print(\"\\n行列式:\", np.linalg.det(matrix_33))\n",
    "\n",
    "    # 特征值和特征向量\n",
    "    eigenvalues, eigenvectors = np.linalg.eig(np.dot(matrix_33.T, matrix_33))\n",
    "    print(\"\\n特征值:\")\n",
    "    print(eigenvalues)\n",
    "    print(\"\\n特征向量:\")\n",
    "    print(eigenvectors)\n",
    "\n",
    "    # 解方程\n",
    "    matrix_NN = np.random.rand(MATRIX_SIZE, MATRIX_SIZE)\n",
    "    v_Nd = np.random.rand(MATRIX_SIZE, 1)\n",
    "\n",
    "    # 直接求逆\n",
    "    start_time = time.time()\n",
    "    x = np.dot(np.linalg.inv(matrix_NN), v_Nd)\n",
    "    end_time = time.time()\n",
    "    print(f\"\\n直接求逆用时: {(end_time - start_time) * 1000:.2f} ms\")\n",
    "\n",
    "    # 使用 numpy 的线性代数求解器\n",
    "    start_time = time.time()\n",
    "    x = np.linalg.solve(matrix_NN, v_Nd)\n",
    "    end_time = time.time()\n",
    "    print(f\"使用线性代数求解器用时: {(end_time - start_time) * 1000:.2f} ms\")\n",
    "\n",
    "if __name__ == \"__main__\":\n",
    "    main()\n"
   ]
  }
 ],
 "metadata": {
  "kernelspec": {
   "display_name": "Python 3",
   "language": "python",
   "name": "python3"
  },
  "language_info": {
   "codemirror_mode": {
    "name": "ipython",
    "version": 3
   },
   "file_extension": ".py",
   "mimetype": "text/x-python",
   "name": "python",
   "nbconvert_exporter": "python",
   "pygments_lexer": "ipython3",
   "version": "3.9.6"
  }
 },
 "nbformat": 4,
 "nbformat_minor": 2
}
